N
360

V0
5000000

Vmin 
4000000

Vmax 
6000000

Tmax
400000

Dmax
600000

Mmax
500000

ET
0.0002

ME
0.00025

TDmin
50000

VTmax
200000

VDmax
50000

F
93975.77028029002
93975.77028029002
93975.77028029002
93975.77028029002
93975.77028029002
93975.77028029002
93975.77028029002
93975.77028029002
93975.77028029002
93975.77028029002
93975.77028029002
93975.77028029002
93975.77028029002
93975.77028029002
93975.77028029002
93975.77028029002
93975.77028029002
93975.77028029002
93975.77028029002
93975.77028029002
93975.77028029002
93975.77028029002
93975.77028029002
93975.77028029002
92945.33447752774
92945.33447752774
92945.33447752774
92945.33447752774
92945.33447752774
92945.33447752774
92945.33447752774
92945.33447752774
92945.33447752774
92945.33447752774
92945.33447752774
92945.33447752774
92945.33447752774
92945.33447752774
92945.33447752774
92945.33447752774
92945.33447752774
92945.33447752774
92945.33447752774
92945.33447752774
92945.33447752774
92945.33447752774
92945.33447752774
92945.33447752774
96654.30561556167
96654.30561556167
96654.30561556167
96654.30561556167
96654.30561556167
96654.30561556167
96654.30561556167
96654.30561556167
96654.30561556167
96654.30561556167
96654.30561556167
96654.30561556167
96654.30561556167
96654.30561556167
96654.30561556167
96654.30561556167
96654.30561556167
96654.30561556167
96654.30561556167
96654.30561556167
96654.30561556167
96654.30561556167
96654.30561556167
96654.30561556167
97982.36930021185
97982.36930021185
97982.36930021185
97982.36930021185
97982.36930021185
97982.36930021185
97982.36930021185
97982.36930021185
97982.36930021185
97982.36930021185
97982.36930021185
97982.36930021185
97982.36930021185
97982.36930021185
97982.36930021185
97982.36930021185
97982.36930021185
97982.36930021185
97982.36930021185
97982.36930021185
97982.36930021185
97982.36930021185
97982.36930021185
97982.36930021185
94687.71202245001
94687.71202245001
94687.71202245001
94687.71202245001
94687.71202245001
94687.71202245001
94687.71202245001
94687.71202245001
94687.71202245001
94687.71202245001
94687.71202245001
94687.71202245001
94687.71202245001
94687.71202245001
94687.71202245001
94687.71202245001
94687.71202245001
94687.71202245001
94687.71202245001
94687.71202245001
94687.71202245001
94687.71202245001
94687.71202245001
94687.71202245001
96681.8042274168
96681.8042274168
96681.8042274168
96681.8042274168
96681.8042274168
96681.8042274168
96681.8042274168
96681.8042274168
96681.8042274168
96681.8042274168
96681.8042274168
96681.8042274168
96681.8042274168
96681.8042274168
96681.8042274168
96681.8042274168
96681.8042274168
96681.8042274168
96681.8042274168
96681.8042274168
96681.8042274168
96681.8042274168
96681.8042274168
96681.8042274168
99802.57680890303
99802.57680890303
99802.57680890303
99802.57680890303
99802.57680890303
99802.57680890303
99802.57680890303
99802.57680890303
99802.57680890303
99802.57680890303
99802.57680890303
99802.57680890303
99802.57680890303
99802.57680890303
99802.57680890303
99802.57680890303
99802.57680890303
99802.57680890303
99802.57680890303
99802.57680890303
99802.57680890303
99802.57680890303
99802.57680890303
99802.57680890303
100043.49565963175
100043.49565963175
100043.49565963175
100043.49565963175
100043.49565963175
100043.49565963175
100043.49565963175
100043.49565963175
100043.49565963175
100043.49565963175
100043.49565963175
100043.49565963175
100043.49565963175
100043.49565963175
100043.49565963175
100043.49565963175
100043.49565963175
100043.49565963175
100043.49565963175
100043.49565963175
100043.49565963175
100043.49565963175
100043.49565963175
100043.49565963175
101307.81595516134
101307.81595516134
101307.81595516134
101307.81595516134
101307.81595516134
101307.81595516134
101307.81595516134
101307.81595516134
101307.81595516134
101307.81595516134
101307.81595516134
101307.81595516134
101307.81595516134
101307.81595516134
101307.81595516134
101307.81595516134
101307.81595516134
101307.81595516134
101307.81595516134
101307.81595516134
101307.81595516134
101307.81595516134
101307.81595516134
101307.81595516134
100754.98866970284
100754.98866970284
100754.98866970284
100754.98866970284
100754.98866970284
100754.98866970284
100754.98866970284
100754.98866970284
100754.98866970284
100754.98866970284
100754.98866970284
100754.98866970284
100754.98866970284
100754.98866970284
100754.98866970284
100754.98866970284
100754.98866970284
100754.98866970284
100754.98866970284
100754.98866970284
100754.98866970284
100754.98866970284
100754.98866970284
100754.98866970284
103922.28205094738
103922.28205094738
103922.28205094738
103922.28205094738
103922.28205094738
103922.28205094738
103922.28205094738
103922.28205094738
103922.28205094738
103922.28205094738
103922.28205094738
103922.28205094738
103922.28205094738
103922.28205094738
103922.28205094738
103922.28205094738
103922.28205094738
103922.28205094738
103922.28205094738
103922.28205094738
103922.28205094738
103922.28205094738
103922.28205094738
103922.28205094738
104189.70735061378
104189.70735061378
104189.70735061378
104189.70735061378
104189.70735061378
104189.70735061378
104189.70735061378
104189.70735061378
104189.70735061378
104189.70735061378
104189.70735061378
104189.70735061378
104189.70735061378
104189.70735061378
104189.70735061378
104189.70735061378
104189.70735061378
104189.70735061378
104189.70735061378
104189.70735061378
104189.70735061378
104189.70735061378
104189.70735061378
104189.70735061378
103381.44306625164
103381.44306625164
103381.44306625164
103381.44306625164
103381.44306625164
103381.44306625164
103381.44306625164
103381.44306625164
103381.44306625164
103381.44306625164
103381.44306625164
103381.44306625164
103381.44306625164
103381.44306625164
103381.44306625164
103381.44306625164
103381.44306625164
103381.44306625164
103381.44306625164
103381.44306625164
103381.44306625164
103381.44306625164
103381.44306625164
103381.44306625164
105065.42611253452
105065.42611253452
105065.42611253452
105065.42611253452
105065.42611253452
105065.42611253452
105065.42611253452
105065.42611253452
105065.42611253452
105065.42611253452
105065.42611253452
105065.42611253452
105065.42611253452
105065.42611253452
105065.42611253452
105065.42611253452
105065.42611253452
105065.42611253452
105065.42611253452
105065.42611253452
105065.42611253452
105065.42611253452
105065.42611253452
105065.42611253452
103999.4264321147
103999.4264321147
103999.4264321147
103999.4264321147
103999.4264321147
103999.4264321147
103999.4264321147
103999.4264321147
103999.4264321147
103999.4264321147
103999.4264321147
103999.4264321147
103999.4264321147
103999.4264321147
103999.4264321147
103999.4264321147
103999.4264321147
103999.4264321147
103999.4264321147
103999.4264321147
103999.4264321147
103999.4264321147
103999.4264321147
103999.4264321147

P
220.0
207.45
199.09
182.53
182.28
198.95
230.0
249.68
246.36
228.82
211.8
206.6
188.69
183.68
184.86
180.04
181.6
199.71
229.92
251.98
257.71
262.6
250.0
230.33
191.0
175.04
169.33
161.96
165.05
171.7
209.65
223.1
218.13
188.47
170.0
156.05
157.98
146.79
145.21
148.64
154.75
170.5
217.26
230.65
238.97
228.94
217.89
187.21
177.61
163.13
157.41
159.62
161.7
169.94
209.83
225.11
192.35
163.59
148.07
112.9
133.05
122.41
136.0
139.03
114.28
165.3
197.88
189.44
221.83
199.32
188.9
137.85
175.81
167.97
166.92
157.05
155.5
156.01
159.8
169.86
180.0
178.5
160.87
115.55
92.39
1.0
-18.68
25.0
123.99
157.04
172.9
195.3
209.24
198.98
199.06
163.04
160.2
142.9
127.05
131.0
107.07
127.36
127.27
133.65
136.28
142.65
141.36
143.62
134.29
114.31
134.47
121.95
132.03
150.02
163.03
168.8
169.44
166.36
169.22
119.54
109.36
88.73
83.19
88.15
85.05
88.08
90.06
75.33
84.05
-30.71
-60.0
-70.0
-47.25
-12.19
-90.0
-64.4
-63.18
56.45
169.55
200.0
214.97
214.04
217.42
189.7
156.4
150.0
150.61
145.72
146.88
153.21
175.7
216.93
220.12
210.99
191.0
175.1
168.7
168.7
165.52
163.87
164.07
173.1
200.0
218.04
227.46
228.81
220.26
210.97
185.05
168.95
165.1
162.96
164.92
175.0
197.42
213.93
215.01
205.29
191.0
176.77
180.0
169.81
152.01
150.24
155.36
160.0
172.0
203.12
212.36
211.98
211.0
155.24
189.01
170.63
165.0
162.32
158.06
156.7
198.11
214.74
207.67
193.45
190.93
160.1
135.9
142.99
145.94
132.66
135.0
167.06
178.71
192.95
200.08
210.24
209.09
192.07
196.58
171.28
166.31
164.69
163.84
179.14
207.91
213.76
212.84
193.96
172.45
156.51
146.98
148.97
138.2
143.47
154.63
177.0
168.87
216.69
220.46
216.9
215.48
205.07
200.95
188.2
175.49
165.84
161.85
160.19
160.0
123.65
124.54
65.48
8.12
-7.26
15.0
-30.0
-46.94
-35.0
-16.21
-4.23
142.0
196.39
209.48
211.06
207.92
199.0
195.0
172.11
162.17
155.32
153.67
151.54
143.14
121.3
109.41
80.83
74.37
29.89
-11.53
-65.01
7.0
-20.51
33.15
106.47
160.63
185.31
205.98
210.98
210.0
192.43
176.38
168.23
156.11
149.92
146.92
162.19
200.03
211.09
207.1
160.78
144.51
150.0
137.5
100.0
87.59
125.6
121.79
143.3
180.3
229.25
232.62
230.93
228.7
205.35
180.79
165.62
170.0
159.36
167.23
171.28
215.22
227.88
205.0
181.57
165.73
162.25
180.17
177.68
172.3
178.89
183.67
204.35
230.97
254.1
260.49
241.29
234.9
212.53
197.96
183.5
177.67
173.02
173.18
182.23
218.87
246.95
253.63
225.1
181.86
176.91
164.5
164.7
170.0
169.04
168.57
218.48
264.66
303.45
307.46
255.0
247.69
229.66
